+----------------+----------------+----------------+----------------+
|  5  15  13  16 |     14       8 |                |                |
|                |                |                |                |
|  8   2   3   1 | 15  16   4  11 | 13  12   9   7 | 10   5  14   6 |
|                |                |                |                |
| 14   4  10   6 |         12   1 | 11       8  15 | 13   7  16     |
|                |                |                |                |
|  7   9  12  11 | 13          10 |      5  16     |  8   2       1 |
+----------------+----------------+----------------+----------------+
|  4  14   8     |              9 |  2      12   3 | 15           5 |
|                |                |                |                |
|  9   3   2  10 | 11          15 |  5       4   1 |         13     |
|                |                |                |                |
|  1  16  11     |              3 |                |      4   2     |
|                |                |                |                |
| 12   6   5  15 |  2          16 |     11         |  3       9   7 |
+----------------+----------------+----------------+----------------+
| 11   7   9   5 | 10   8  16   4 | 12  14   1   6 |  2  13   3  15 |
|                |                |                |                |
|     12   4   8 | 14           2 |  7      15     |  9  10   6  11 |
|                |                |                |                |
| 15  10   6  14 | 12  13  11   5 |  3   9   2   8 |  1  16   7   4 |
|                |                |                |                |
|     13   1   2 |         15   6 |     10  11     |  5  12   8  14 |
+----------------+----------------+----------------+----------------+
| 13  11  15   4 | 16   5   9   7 |  8   1   3  12 |  6  14  10   2 |
|                |                |                |                |
| 10   8  16  12 |     11      13 |  6  15  14   2 |  7             |
|                |                |                |                |
|  6      14   9 |          2  12 |      7         |  4  11       8 |
|                |                |                |                |
|  2       7   3 |  8          14 |      4         | 16      12     |
+----------------+----------------+----------------+----------------+


