Original:
+----------------+----------------+----------------+----------------+
|     15      16 |     14       8 |                |                |
|                |                |                |                |
|      2   3   1 | 15  16   4     | 13  12       7 |         14   6 |
|                |                |                |                |
| 14   4         |         12     | 11          15 | 13   7  16     |
|                |                |                |                |
|  7   9  12  11 | 13          10 |      5  16     |  8   2       1 |
+----------------+----------------+----------------+----------------+
|  4  14   8     |              9 |  2      12   3 | 15           5 |
|                |                |                |                |
|  9          10 | 11          15 |  5       4   1 |                |
|                |                |                |                |
|  1      11     |              3 |                |      4         |
|                |                |                |                |
|             15 |  2             |     11         |  3       9   7 |
+----------------+----------------+----------------+----------------+
|      7   9   5 | 10      16     |          1   6 |          3  15 |
|                |                |                |                |
|              8 | 14           2 |  7      15     |  9  10   6     |
|                |                |                |                |
| 15  10   6     |     13  11     |  3   9       8 |     16   7   4 |
|                |                |                |                |
|     13   1   2 |         15     |     10  11     |  5       8     |
+----------------+----------------+----------------+----------------+
| 13      15     |          9   7 |  8   1   3  12 |  6  14  10   2 |
|                |                |                |                |
| 10   8      12 |     11         |  6      14   2 |  7             |
|                |                |                |                |
|  6      14   9 |          2  12 |      7         |     11       8 |
|                |                |                |                |
|  2             |  8             |      4         | 16      12     |
+----------------+----------------+----------------+----------------+